20250701
20250702
20250703
20250704
20250706
20250707
20250708
20250709
20250710
20250711
20250713
20250714
20250715
20250716
20250717
20250718
20250720
20250721
20250722
20250723
20250724
20250725
20250727
20250728
20250729
20250730
20250731
20250801
20250805
20250806
20250807
20250808
20250811
20250812
20250814
20250818
20250819
20250820
20250822
20250827
20251001
20251002
20251003
20251006
20251007
20251008
20251009
20251010
20251013
20251015
20251016
20251017
20251020
20251021
20251201
20251202
20251204
20251228
20251229
20251230
20251231
20260101
20260102
20260104
20260105
20260106
20260107
20260108
20260109
20260111
20260112
20260113
20260114
20260115
20260116
20260118
20260119
20260120
20260121
20260122
20260123
20260202
20260203
20260204
20260205
20260206
20260208
20260209
20260210
20260211
20260212
20260213
20260215
20260216
20260217
20260218
20260219
20260220
20260222
20260223
20260224
20260225
20260226
20260227
20260301
20260302
20260303
20260304
20260305
20260306
20260308
20260309
20260315
20260316
20260317
20260318
20260319
20260320
20260323
20260324
20260325
20260327
20260329
20260330
20260331
20260401
20260402
20260406
20260407
20260408
20260409
20260413
20260414
20260415
20260416
20260417
20260420
20260421
20260422
20260423
20260424
20260427
20260428
20260429
20260430
20260501
20260504
20260505
20260506
20260507
20260508
20260509
20260511
20260512
20260513
20260514
20260515
20260518
20260519
20260520
20260521
20260522
20260525
20260526
20260527
20260528
20260529
20260601
20260602
20260603
20260604
20260605
20260608
20260609
20260610
20260611
20260612
20260613
20260615
20260616
20260617
20260618
20260619
20260622
20260623
20260624
20260625
20260626
20260627
20260629
20260630
20260701
20260702
20260703
20260706
20260707
20260708
20260709
20260710
20260711
20260712
20260713
20260714
20260715
20260716
20260717
20260719
20260720
20260721
20260722
20260723
20260724
20260725
20260726
20260727
20260728
20260729
20260730
20260731
20260801
20260802
